Vector Length of each Document:
0.60313743
0.37263
0.6472896
0.40866616
0.6828454
0.6048578
0.45600513
0.54075307
0.33011192
0.71846896
0.49961972
0.5581441
0.598471
0.3439222
0.49323374
0.4703962
0.48368374
0.7337228
0.5089776
0.5484512
0.6099797
0.5035177
0.39812917
0.38136163
0.2957856
0.59631956
0.40985343
0.52336496
0.37053454
0.5359498
0.7129868
0.53356624
0.4199316
0.53001606
0.390022
0.41514784
0.40696496
0.61608624
0.49665484
0.4534033
0.5681756
0.53909236
0.5086671
0.36732638
0.46751088
0.75259346
0.43476924
0.50900877
0.29078493
0.40705723
0.5563733
0.41360584
0.41881606
0.306964
0.38105607
0.4220582
0.52402973
0.45189092
0.38736486
0.53872335
0.5651168
0.33362022
0.48270842
0.6519626
0.6198616
0.5862247
0.786389
0.5611211
0.555214
0.5173431
0.58959264
0.36611655
0.30837706
0.53150505
0.64148855
0.41242144
0.45948458
0.48124966
0.53240615
0.48781532
0.5516218
0.51861745
0.5946024
0.39381808
0.5071243
0.53086567
0.48816025
0.546007
0.36128864
0.71094865
0.60814756
0.48604336
0.47941834
0.2973804
0.529939
0.53119886
0.39272672
0.518981
0.44122246
0.51531607
0.33862993
0.5485331
0.6331233
0.5381076
0.4410196
0.6066281
0.68269044
0.7757654
0.5623654
0.33622587
0.5613955
0.5244233
0.8405086
0.56276363
0.4789196
0.48246568
0.48803225
0.51482016
0.7122319
0.55284065
0.46171865
0.37295604
0.40029147
0.35669604
0.45222345
0.5042397
0.5430524
0.42761636
0.47747794
0.78448546
0.38563773
0.43893346
0.39257494
0.38656944
0.45715418
0.797837
0.7659751
0.51133686
0.5030274
0.4462409
0.5446693
0.4029433
1.1170454
0.68073094
0.42537165
0.43889546
0.42009732
0.50560683
0.4306174
0.43563142
0.46198586
0.58203053
0.7762908
0.6189485
0.3628593
0.6477634
0.4760211
0.6066618
0.5503964
0.3505371
0.58935493
0.5279594
0.43914065
0.3902908
0.4249831
0.4711801
0.49003753
0.49520385
0.52560705
0.41374
0.39350113
0.46223208
0.42919207
0.43358654
0.67610276
0.5997941
0.47322655
0.72385395
0.36884335
0.56635725
0.6889414
0.4841288
0.54814595
0.5575296
0.43845952
0.4126905
0.3420805
0.38366148
0.37787706
0.51738447
0.4365572
0.39071956
0.31971058
0.56194663
0.5141487
0.47161236
0.34677586
0.63606817
0.5164237
0.5206253
0.39537582
0.4342866
0.60431117
0.43792337
0.39553836
0.40046853
0.4643324
0.61720276
0.4965556
0.53818727
0.45513
0.37527767
0.3914198
0.6433775
0.76627016
0.4238445
0.56195885
0.49896455
0.53592634
0.5724564
0.6500361
0.3916952
0.87896585
0.6940554
0.4017923
0.4852568
0.5982274
0.56240904
0.5876604
0.5236714
0.4932255
0.40273207
0.61791927
0.42686638
0.52955097
0.53509444
0.6891499
0.7933921
0.65138847
0.5093476
0.37074196
0.5267823
0.621024
0.54592824
0.6166739
0.75416917
0.43882006
0.43663657
0.57916373
0.78988296
0.67422706
0.42155582
0.5266766
0.7292224
0.43752128
0.50625783
0.43411312
0.8262819
0.5781483
0.4333615
0.41915023
0.41144112
0.5345813
0.6065992
0.66321874
0.39419007
0.45257586
0.53057325
0.5527886
0.54381114
0.7062388
0.37810826
0.46865284
0.5063255
0.6366704
0.500295
0.50429714
0.46157074
0.60304755
0.5933513
0.91220117
0.4405144
0.3825188
0.5477544
0.6885416
0.80549824
0.50194865
0.5516997
0.5187432
0.6690263
0.56335527
0.37360638
0.48678738
0.35308778
0.65240467
0.45238787
0.48748514
0.6714303
0.4325735
0.35892662
0.74463546
0.52163845
0.5632825
0.35535905
0.37446573
0.42769036
0.37210372
0.51066226
0.3956527
0.3795011
0.39589834
0.5530791
0.68084913
0.55197924
0.3692718
0.53006876
0.4161423
0.39789167
0.48400882
0.8381899
0.5227266
0.6331211
0.5426193
0.5875166
0.3899259
0.6319007
0.52897465
0.3016486
0.339246
0.60467184
0.6087474
0.50272286
0.57794875
0.36236435
0.45238033
0.4871794
0.4849696
0.46227515
0.616146
0.54713815
0.39331993
0.38689104
0.51123625
0.35979658
0.43358594
0.39756155
0.3675717
0.42491126
0.34594366
0.8638467
0.49202365
0.31132415
0.44778594
0.4529018
0.58479506
0.5702829
0.54496574
0.575119
0.5851675
0.44254088
0.65703446
0.6455111
0.37476408
0.330467
0.38800168
0.3991683
0.600208
0.60293865
0.34476328
0.39050236
0.53232366
0.44230223
0.35576394
0.69687146
0.3548314
0.5410302
0.5750281
0.50146
0.5918939
0.6226735
0.3773328
0.61864406
0.40627497
0.72370934
0.77354515
0.6057711
0.64598626
0.50821817
0.51784307
0.55262935
0.5015132
0.7562532
0.630412
0.61422056
0.33564702
0.76747936
0.54591775
0.5351467
0.70605415
0.6754074
0.39250854
0.6078873
0.5732363
0.4397825
0.9604485
0.40438554
0.7446045
0.6961232
0.53577775
0.4552841
0.635327
0.6337839
0.42516655
0.4420303
0.4681779
0.44365388
0.35465392
0.6064203
0.7247718
0.5012284
0.44432238
0.5203129
0.3599316
0.61765414
0.5846584
0.6134247
0.7409239
0.5557555
0.72318983
0.72422326
0.5429867
0.6078712
0.39047948
0.46635222
0.32312623
0.8005071
0.5985577
0.590785
0.45644805
0.61798346
0.41223884
0.4265419
0.47373804
0.57405645
0.63314074
0.62440866
0.6310351
0.6046902
0.62362283
0.7780893
0.71256316
0.35254565
0.46566948
0.49232033
0.5017956
0.35573632
0.5170132
0.3796397
0.34154856
0.47706804
0.50443834
0.50511676
0.7132117
0.4809982
0.5116743
0.5719786
0.35193777
0.6041572
0.48521012
0.49279705
NaN
0.5611945
0.60895866
0.5234676
0.42379615
0.5732783
0.6491955
0.7999484
0.54551035
0.6124987
0.51429015
0.75730795
0.7600523
0.45593965
0.8384916
0.6512764
0.64521027
0.5403885
0.51227754
0.67664826
0.5798498
0.68131965
0.3998533
0.41633457
0.53333414
0.55532116
0.41831172
0.42255333
0.38612643
0.70883995
0.6701501
1.0569954
0.47264346
0.36035693
0.5259069
0.6770997
0.7984773
0.6109317
0.6432988
0.8613837
0.59803957
0.6875188
0.5005601
0.53655523
0.5829336
0.5731343
0.76181924
0.48361868
0.51560074
0.6731548
0.5501262
0.36588174
0.5294895
0.67557555
0.46878982
0.4802101
0.54973245
0.47753033
0.40013742
0.4739473
0.58984554
0.8638642
0.71549577
0.5328934
0.6042843
0.43242118
0.4619234
0.4091231
0.5909555
0.33742806
0.48333892
0.52724755
0.9733396
0.51457244
0.73969704
0.4708266
0.49915007
0.53320426
0.62884855
0.5480553
0.7020128
0.40052593
0.5103896
0.5114133
0.5501568
0.39312035
0.39916047
0.6549619
0.48037907
0.44513875
0.53944814
0.3519071
0.446868
0.3819265
0.37643653
0.42501956
0.36010227
0.43887714
0.32278463
0.4145048
0.37207362
0.3086376
0.4721088
0.41345322
0.37554872
0.3390163
0.56829333
0.8118932
0.4339475
0.58471656
0.74635273
0.79709285
0.49209252
0.47882864
0.5008042
0.58171374
0.54752773
0.52982324
0.71760345
0.66515577
0.89898115
0.5670821
0.40187123
0.7297634
0.6017474
0.7552835
0.6556798
0.7059692
0.4511486
0.521686
0.3802732
0.57391536
0.6358127
0.5948254
0.53755516
0.41340238
0.8273987
0.4461119
0.6270917
0.504094
0.41370773
0.57551956
0.5817328
0.49695596
0.7961705
0.57585645
0.6410992
0.58925706
0.7099032
0.6262446
0.7355621
0.57623404
0.5443583
0.4309059
0.329667
0.42768523
0.47474763
0.47262007
0.4456958
0.4147191
0.7229157
0.5596961
0.5840477
0.51377994
0.70890546
0.43687135
0.5239801
0.5502012
0.74694407
0.4475816
0.5727555
0.64646447
0.623091
0.42025757
0.43134162
0.38378313
0.67348576
0.5538257
0.6333213
0.5959667
0.58223206
0.5170816
0.5159768
0.6239486
0.43544653
0.4431431
0.5749568
0.48611978
0.45793912
0.39912975
0.41220438
0.3471483
0.3862686
0.47758347
0.40919477
0.34744096
0.38686568
0.41718775
0.6678819
0.58824086
0.4371878
0.51851034
0.5809954
0.57909286
0.38161027
0.5026652
0.3874901
0.58085364
0.49499282
0.41771019
0.47981125
0.48140424
0.41318315
0.7912105
0.41051716
0.4702328
0.47999993
0.4819752
0.34595096
0.6170331
0.74631345
0.5235974
0.48840144
0.42977396
0.48263603
0.420963
0.55416614
0.5011502
0.49122798
0.47353476
0.4460706
0.5866338
0.54917514
0.35006425
0.58593756
0.6549939
0.43034583
0.6670487
0.59189945
0.6265173
0.6765667
0.3954486
0.5723933
0.5533332
0.69563353
0.73325104
0.4288908
0.700201
0.46584263
0.5700835
0.3811352
0.5988555
0.5660753
0.7597788
0.5915748
0.5741667
0.5288342
0.66041267
0.46986553
0.4228339
0.51603043
0.63284516
0.4501086
0.46590042
0.86678576
0.5763097
0.5537731
0.8438293
0.394097
0.48575613
0.5639833
0.62426126
0.5489345
0.57681453
0.83779776
0.4792178
0.57316095
0.5309301
0.6548695
0.6231946
0.7707189
0.7204631
0.54612505
0.40418872
0.58413285
0.61214703
0.3917282
0.7203384
0.50059515
0.47075644
0.6059749
0.50832945
0.58141446
0.6374381
0.5031204
0.45752913
0.42960167
0.9464396
0.59907
0.5556025
0.6029489
0.50957245
0.39048412
0.5940038
0.5411216
0.78250355
0.48507673
0.83787864
0.5125271
0.5916624
0.43736923
0.49236917
0.4963878
0.36116594
0.4773793
0.46628594
0.48924226
0.40163684
0.5273278
0.51658
0.6499338
0.3082811
0.46997407
0.33721414
0.7508432
0.49201888
0.38543403
0.28066203
0.3812754
0.46094128
0.4501574
0.49263886
0.57400346
0.5415235
0.5274521
0.4905928
0.70334214
0.42920527
0.52821755
0.4956231
0.42756274
0.44081962
0.64384305
0.40440983
0.42481157
0.45976922
0.7536141
0.5399619
0.66355014
0.5384128
0.7934857
0.4628542
0.5803093
0.47955665
0.45904472
0.38848105
0.47383726
0.49592403
0.47749493
0.40125793
0.58429825
1.0531051
0.563191
0.88285756
0.9146246
0.464786
0.5002033
0.66222715
0.5339777
0.8514551
0.65751725
0.7256546
0.39634883
0.47130734
0.5401999
0.5198126
0.55379516
0.66631836
0.6266356
0.56889486
0.45506048
0.4542492
0.7142632
0.6709765
0.68798155
0.5525135
0.5592814
0.52173793
0.530671
0.54342425
0.5731793
0.74072623
0.5039885
0.9026052
0.742675
0.62461
0.63590306
0.73264253
0.43408123
0.601715
0.9995159
0.36942834
0.48496392
0.5054505
0.8502947
0.49392563
0.93848497
0.6578654
0.7778425
0.5994252
0.58334446
0.9483807
0.6774446
0.9148863
0.64037997
0.6374359
0.51544154
0.5428327
0.35687962
0.57389665
0.40805426
0.5711715
0.72660434
0.44344255
0.6815096
0.684892
0.5301109
0.6616621
0.46499008
0.626003
0.45637387
0.45589924
0.39897913
0.58538395
0.73569506
0.7498992
0.52877814
0.6456196
0.69087285
0.86988306
0.6145118
0.4790837
0.6946541
0.6075307
0.5896822
0.43240768
0.34029633
0.5017336
0.4412596
0.6143455
0.4289875
0.47350287
0.5240861
0.44760105
0.6727999
0.49095616
0.3589159
0.32957408
0.5360331
0.5042931
0.6614215
0.62563396
0.41763914
0.45977005
0.7059769
0.49059352
0.63185203
0.621613
0.58057857
0.50872105
0.6978981
0.5972966
0.45484033
0.5374926
0.60172665
0.3988681
0.38775805
0.56790257
0.5220654
0.7042914
0.5438485
0.53437614
0.655647
0.63825846
0.7016969
0.5396388
0.56873906
0.7211969
0.43367574
0.529574
0.47389504
0.29980984
0.6914793
0.59660995
0.60877967
0.40069187
0.50049883
0.7027186
0.6701959
0.46748403
0.42613927
0.47805274
0.5692548
0.4626599
0.43688008
0.3899413
0.3861226
0.5668267
0.48296642
0.47779053
0.45363975
0.50625074
0.5448365
0.62561256
0.5362603
0.53723866
0.385948
0.69544905
0.6111924
0.48319536
0.5460293
0.41591758
0.48646593
0.6022602
NaN
0.43386987
0.5011887
0.47370353
0.514663
0.3996665
0.5195697
0.49692425
0.51407844
0.57522106
0.48614007
0.4953158
0.43223926
0.6047331
0.4714864
0.53929853
0.7270744
0.5311442
0.6091615
0.7870267
0.6039555
0.78603745
0.5966549
0.75246805
0.4839689
0.5479208
0.6803415
0.73281
0.7389133
0.49959582
0.5481322
0.8627379
0.6363151
0.598736
0.8159814
0.7353459
0.51403546
0.6397184
0.6400367
0.4816262
0.6418073
0.57770723
0.5517627
0.625405
0.39173487
0.3310757
0.547998
0.6440128
0.42298663
0.5103054
0.8798951
0.5670526
0.37889344
0.7033535
0.8500446
0.68081945
0.4082189
0.64929265
0.5051397
0.45749882
0.4426469
0.37794966
0.6329482
0.63038284
0.48357487
0.6095597
0.37767735
0.5465718
0.6218956
0.5301448
0.5452861
0.43859592
0.64859086
0.43897203
0.8128823
0.6842849
0.5638345
0.38711086
0.6334876
0.43953386
0.434974
0.38943496
0.56886774
0.45762458
0.68136036
0.45526695
0.4449773
0.4648591
0.5255153
0.59751177
0.6627394
0.6583043
0.63460875
0.48429757
0.63682926
0.7002436
0.5591975
0.47181186
0.67590964
0.6547972
0.669057
0.7324414
0.5237299
0.5371628
0.7039339
0.5144024
0.70130366
1.0847479
0.650268
0.37553093
0.47779158
0.4425874
0.40712708
0.40994143
0.49724856
0.46107867
0.65264875
0.47667685
0.64904153
0.48816544
0.5810158
0.5900436
0.45523202
0.62753844
0.36366248
0.8462401
0.52477336
0.49981704
0.55947363
0.4949314
0.496524
0.566422
0.5255157
0.687402
0.5491279
0.6530312
0.560009
0.57578284
0.6631149
0.5901174
0.5798976
0.5658008
0.40734014
0.62743276
0.70839083
0.79762506
0.7288571
0.7161943
0.6043142
0.52655303
0.513695
0.694239
0.36690935
0.7527019
0.513448
0.59218913
0.43012282
1.0639267
0.43826258
0.36308697
0.45697257
0.5032598
0.37588844
0.5994222
0.539461
0.799231
0.4493178
0.6354502
0.5175863
0.5185635
0.5734047
0.62014616
0.5927391
0.80929935
0.5624175
0.74062574
0.6158045
0.60937303
0.49188948
0.69413453
0.49854752
0.83717626
0.6407494
0.6148497
0.38372993
0.4290383
0.55087006
0.33576185
0.5137323
0.4188234
0.4212349
0.47697365
0.56260175
0.47321653
0.54575205
0.5233006
0.41730532
0.4189385
0.58644766
0.51423633
0.4609541
0.60347426
0.49796936
0.33393455
0.4017482
0.42378992
0.4183982
0.45843223
0.5430874
0.34860924
0.46141577
0.5511144
0.44923297
0.6093209
0.52553207
0.4834725
0.510391
0.45637548
0.42668203
0.4725943
0.5895453
0.3946103
0.67948115
0.37567818
0.5698659
0.44823098
0.5377367
0.36295405
0.7551499
0.3691261
0.3573709
0.4516475
0.6593583
0.46832526
0.34524575
0.5598112
0.3642046
0.63592976
0.506312
0.48309615
0.3593655
0.47736752
0.4865185
0.4596841
0.3488934
0.43153226
0.4336814
0.45572826
0.6190646
0.42737016
0.4536388
0.34846124
0.6352873
0.33776733
0.8295115
0.401923
0.44241056
0.57705724
0.49894425
0.440568
0.47328433
0.6946147
0.48198992
0.36617836
0.47459576
0.49655294
0.3445115
0.43780524
0.3112186
0.3862379
0.59190315
0.67948985
0.51168644
0.49020952
0.6459429
0.545607
0.40245894
0.51114964
0.47793555
0.3455418
0.72913414
0.68416506
0.52900136
0.47351986
0.5225865
0.40565562
0.3359567
0.44023067
0.590377
0.48968405
0.64896935
0.6482906
0.5920103
0.5187251
0.408361
0.51869893
0.5829486
0.4233893
0.69748527
0.45837453
0.5294243
0.60257685
0.52453667
0.603547
0.5978033
0.36576527
0.41198027
0.3721074
0.43196464
0.44799048
0.71298754
0.64596575
0.35695094
0.707607
0.36752746
0.3496399
0.5141239
0.66104424
0.3536096
0.6681183
0.5352879
0.5334309
0.68083143
0.7054744
0.34486166
0.39724073
0.51156205
0.40593007
0.7078588
0.5249035
0.5279145
0.5858634
0.4749544
0.5090081
0.50347763
0.49280795
0.77645016
0.53530604
0.455274
0.4959296
0.64352155
0.49782348
0.5100871
0.52216667
0.39742184
0.7144724
0.4515114
0.3945718
0.422884
0.61357856
0.65304506
0.635645
0.5521803
0.6907417
0.4850247
0.73239887
0.4015842
0.4074318
0.5283889
0.46003047
0.3598781
0.3988326
0.8280285
0.86908233
0.84192955
0.5322008
0.4978811
0.5074642
0.5259573
0.38864473
0.5308593
0.36369994
0.46048677
0.56557983
0.80928046
0.40577495
0.6860133
0.44901723
0.5250129
0.47176737
0.37301093
0.7425076
0.4093395
0.5293123
0.60149693
0.40519485
0.34986687
0.36060476
0.36175153
0.37805098
0.43265188
0.31821007
0.55677754
0.63357806
0.55411303
0.3846691
0.38438833
0.42847377
0.42145783
0.42519772
0.52428734
0.63470274
0.6076692
0.54306465
0.5692286
0.68573135
7.2449417
